0 0.54714912 0.27610863 0.06578947 0.07305060
0 0.62001645 0.27299851 0.04485746 0.07575893
0 0.86224232 0.26799107 0.06878289 0.08657738
0 0.93211623 0.27042411 0.04186404 0.08251488
0 0.23863487 0.55749256 0.07376096 0.08522321
0 0.30940789 0.56236607 0.03986842 0.07711310
0 0.54934211 0.56709821 0.06578947 0.08657738
0 0.61951754 0.56250000 0.04385965 0.08928571
0 0.86014803 0.55952381 0.06678728 0.08928571
0 0.93361294 0.56276786 0.04485746 0.08386905
0 0.23724232 0.84848214 0.06878289 0.08386905
0 0.31030702 0.85470982 0.03289474 0.07846726
0 0.55193531 0.85322173 0.06878289 0.07846726
0 0.62480263 0.85430060 0.04785088 0.08657738
0 0.85895285 0.84780506 0.07974781 0.09739583
0 0.93161732 0.85051339 0.04086623 0.07305060
